-0.002428	4.76
-0.002426	4.6
-0.002424	4.44
-0.002422	4.2
-0.00242	3.72
-0.002418	3.32
-0.002416	2.76
-0.002414	2.12
-0.002412	1.48
-0.00241	0.84
-0.002408	0.12
-0.002406	-0.52
-0.002404	-1.24
-0.002402	-1.88
-0.0024	-2.44
-0.002398	-3
-0.002396	-3.48
-0.002394	-3.96
-0.002392	-4.28
-0.00239	-4.52
-0.002388	-4.68
-0.002386	-4.76
-0.002384	-4.76
-0.002382	-4.6
-0.00238	-4.52
-0.002378	-4.2
-0.002376	-3.88
-0.002374	-3.48
-0.002372	-3
-0.00237	-2.52
-0.002368	-1.96
-0.002366	-1.4
-0.002364	-0.84
-0.002362	-0.28
-0.00236	0.36
-0.002358	0.84
-0.002356	1.4
-0.002354	1.88
-0.002352	2.36
-0.00235	2.68
-0.002348	3
-0.002346	3.24
-0.002344	3.4
-0.002342	3.4
-0.00234	3.4
-0.002338	3.32
-0.002336	3.16
-0.002334	2.92
-0.002332	2.6
-0.00233	2.28
-0.002328	1.8
-0.002326	1.4
-0.002324	0.84
-0.002322	0.36
-0.00232	-0.12
-0.002318	-0.68
-0.002316	-1.08
-0.002314	-1.64
-0.002312	-2.12
-0.00231	-2.44
-0.002308	-2.76
-0.002306	-3.08
-0.002304	-3.32
-0.002302	-3.48
-0.0023	-3.64
-0.002298	-3.64
-0.002296	-3.64
-0.002294	-3.56
-0.002292	-3.4
-0.00229	-3.24
-0.002288	-2.92
-0.002286	-2.6
-0.002284	-2.28
-0.002282	-1.88
-0.00228	-1.48
-0.002278	-1
-0.002276	-0.6
-0.002274	-0.12
-0.002272	0.28
-0.00227	0.68
-0.002268	1.08
-0.002266	1.4
-0.002264	1.72
-0.002262	1.96
-0.00226	2.2
-0.002258	2.28
-0.002256	2.44
-0.002254	2.44
-0.002252	2.52
-0.00225	2.36
-0.002248	2.2
-0.002246	2.04
-0.002244	1.8
-0.002242	1.48
-0.00224	1.08
-0.002238	0.84
-0.002236	0.44
-0.002234	0.12
-0.002232	-0.28
-0.00223	-0.68
-0.002228	-1.08
-0.002226	-1.4
-0.002224	-1.72
-0.002222	-2.04
-0.00222	-2.2
-0.002218	-2.44
-0.002216	-2.68
-0.002214	-2.76
-0.002212	-2.84
-0.00221	-2.84
-0.002208	-2.84
-0.002206	-2.68
-0.002204	-2.6
-0.002202	-2.36
-0.0022	-2.2
-0.002198	-1.88
-0.002196	-1.64
-0.002194	-1.4
-0.002192	-1
-0.00219	-0.76
-0.002188	-0.44
-0.002186	-0.12
-0.002184	0.2
-0.002182	0.6
-0.00218	0.76
-0.002178	1.08
-0.002176	1.24
-0.002174	1.48
-0.002172	1.56
-0.00217	1.64
-0.002168	1.72
-0.002166	1.72
-0.002164	1.72
-0.002162	1.64
-0.00216	1.48
-0.002158	1.32
-0.002156	1.08
-0.002154	0.92
-0.002152	0.68
-0.00215	0.44
-0.002148	0.12
-0.002146	-0.12
-0.002144	-0.44
-0.002142	-0.76
-0.00214	-1
-0.002138	-1.24
-0.002136	-1.48
-0.002134	-1.72
-0.002132	-1.88
-0.00213	-2.04
-0.002128	-2.12
-0.002126	-2.2
-0.002124	-2.2
-0.002122	-2.2
-0.00212	-2.2
-0.002118	-2.12
-0.002116	-1.96
-0.002114	-1.88
-0.002112	-1.64
-0.00211	-1.48
-0.002108	-1.32
-0.002106	-1
-0.002104	-0.76
-0.002102	-0.6
-0.0021	-0.36
-0.002098	-0.12
-0.002096	0.2
-0.002094	0.44
-0.002092	0.6
-0.00209	0.76
-0.002088	1
-0.002086	1
-0.002084	1.08
-0.002082	1.16
-0.00208	1.24
-0.002078	1.24
-0.002076	1.16
-0.002074	1.08
-0.002072	1
-0.00207	0.76
-0.002068	0.68
-0.002066	0.52
-0.002064	0.36
-0.002062	0.12
-0.00206	-0.12
-0.002058	-0.36
-0.002056	-0.52
-0.002054	-0.68
-0.002052	-0.92
-0.00205	-1.08
-0.002048	-1.32
-0.002046	-1.4
-0.002044	-1.48
-0.002042	-1.64
-0.00204	-1.72
-0.002038	-1.72
-0.002036	-1.72
-0.002034	-1.72
-0.002032	-1.72
-0.00203	-1.64
-0.002028	-1.48
-0.002026	-1.48
-0.002024	-1.32
-0.002022	-1.16
-0.00202	-1
-0.002018	-0.84
-0.002016	-0.6
-0.002014	-0.44
-0.002012	-0.28
-0.00201	-0.12
-0.002008	0.12
-0.002006	0.28
-0.002004	0.44
-0.002002	0.52
-0.002	0.6
-0.001998	0.68
-0.001996	0.76
-0.001994	0.76
-0.001992	0.84
-0.00199	0.76
-0.001988	0.76
-0.001986	0.68
-0.001984	0.6
-0.001982	0.44
-0.00198	0.36
-0.001978	0.2
-0.001976	0.04
-0.001974	-0.12
-0.001972	-0.2
-0.00197	-0.44
-0.001968	-0.52
-0.001966	-0.76
-0.001964	-0.84
-0.001962	-1
-0.00196	-1.16
-0.001958	-1.24
-0.001956	-1.32
-0.001954	-1.4
-0.001952	-1.4
-0.00195	-1.48
-0.001948	-1.4
-0.001946	-1.4
-0.001944	-1.32
-0.001942	-1.32
-0.00194	-1.24
-0.001938	-1.16
-0.001936	-1
-0.001934	-0.84
-0.001932	-0.76
-0.00193	-0.6
-0.001928	-0.52
-0.001926	-0.36
-0.001924	-0.2
-0.001922	-0.12
-0.00192	0.04
-0.001918	0.12
-0.001916	0.2
-0.001914	0.36
-0.001912	0.44
-0.00191	0.44
-0.001908	0.52
-0.001906	0.44
-0.001904	0.52
-0.001902	0.52
-0.0019	0.44
-0.001898	0.44
-0.001896	0.36
-0.001894	0.2
-0.001892	0.12
-0.00189	0.04
-0.001888	-0.12
-0.001886	-0.2
-0.001884	-0.36
-0.001882	-0.44
-0.00188	-0.6
-0.001878	-0.76
-0.001876	-0.76
-0.001874	-0.84
-0.001872	-1
-0.00187	-1
-0.001868	-1.08
-0.001866	-1.16
-0.001864	-1.16
-0.001862	-1.16
-0.00186	-1.16
-0.001858	-1.16
-0.001856	-1.08
-0.001854	-1
-0.001852	-0.92
-0.00185	-0.84
-0.001848	-0.84
-0.001846	-0.76
-0.001844	-0.6
-0.001842	-0.52
-0.00184	-0.44
-0.001838	-0.28
-0.001836	-0.2
-0.001834	-0.12
-0.001832	-0.04
-0.00183	0.04
-0.001828	0.12
-0.001826	0.12
-0.001824	0.2
-0.001822	0.28
-0.00182	0.28
-0.001818	0.28
-0.001816	0.28
-0.001814	0.28
-0.001812	0.2
-0.00181	0.12
-0.001808	0.12
-0.001806	0.04
-0.001804	-0.04
-0.001802	-0.12
-0.0018	-0.2
-0.001798	-0.28
-0.001796	-0.44
-0.001794	-0.52
-0.001792	-0.6
-0.00179	-0.68
-0.001788	-0.76
-0.001786	-0.76
-0.001784	-0.84
-0.001782	-0.84
-0.00178	-0.92
-0.001778	-0.92
-0.001776	-1
-0.001774	-1
-0.001772	-1
-0.00177	-0.92
-0.001768	-0.92
-0.001766	-0.84
-0.001764	-0.76
-0.001762	-0.76
-0.00176	-0.68
-0.001758	-0.6
-0.001756	-0.52
-0.001754	-0.44
-0.001752	-0.36
-0.00175	-0.28
-0.001748	-0.2
-0.001746	-0.12
-0.001744	-0.12
-0.001742	-0.04
-0.00174	0.04
-0.001738	0.04
-0.001736	0.12
-0.001734	0.12
-0.001732	0.12
-0.00173	0.12
-0.001728	0.12
-0.001726	0.04
-0.001724	0.04
-0.001722	0.04
-0.00172	-0.12
-0.001718	-0.12
-0.001716	-0.12
-0.001714	-0.28
-0.001712	-0.28
-0.00171	-0.44
-0.001708	-0.44
-0.001706	-0.44
-0.001704	-0.52
-0.001702	-0.68
-0.0017	-0.68
-0.001698	-0.76
-0.001696	-0.76
-0.001694	-0.76
-0.001692	-0.76
-0.00169	-0.84
-0.001688	-0.76
-0.001686	-0.84
-0.001684	-0.76
-0.001682	-0.76
-0.00168	-0.76
-0.001678	-0.76
-0.001676	-0.68
-0.001674	-0.6
-0.001672	-0.6
-0.00167	-0.52
-0.001668	-0.44
-0.001666	-0.44
-0.001664	-0.36
-0.001662	-0.28
-0.00166	-0.28
-0.001658	-0.12
-0.001656	-0.12
-0.001654	-0.12
-0.001652	-0.04
-0.00165	-0.04
-0.001648	-0.04
-0.001646	-0.04
-0.001644	-0.04
-0.001642	-0.04
-0.00164	-0.04
-0.001638	-0.04
-0.001636	-0.12
-0.001634	-0.12
-0.001632	-0.12
-0.00163	-0.2
-0.001628	-0.28
-0.001626	-0.28
-0.001624	-0.36
-0.001622	-0.36
-0.00162	-0.44
-0.001618	-0.52
-0.001616	-0.52
-0.001614	-0.6
-0.001612	-0.68
-0.00161	-0.68
-0.001608	-0.68
-0.001606	-0.68
-0.001604	-0.76
-0.001602	-0.76
-0.0016	-0.76
-0.001598	-0.76
-0.001596	-0.76
-0.001594	-0.68
-0.001592	-0.68
-0.00159	-0.6
-0.001588	-0.6
-0.001586	-0.6
-0.001584	-0.52
-0.001582	-0.52
-0.00158	-0.44
-0.001578	-0.44
-0.001576	-0.36
-0.001574	-0.36
-0.001572	-0.2
-0.00157	-0.2
-0.001568	-0.2
-0.001566	-0.12
-0.001564	-0.12
-0.001562	-0.12
-0.00156	-0.12
-0.001558	-0.12
-0.001556	-0.12
-0.001554	-0.12
-0.001552	-0.12
-0.00155	-0.12
-0.001548	-0.12
-0.001546	-0.2
-0.001544	-0.2
-0.001542	-0.28
-0.00154	-0.36
-0.001538	-0.36
-0.001536	-0.36
-0.001534	-0.44
-0.001532	-0.44
-0.00153	-0.44
-0.001528	-0.52
-0.001526	-0.52
-0.001524	-0.6
-0.001522	-0.6
-0.00152	-0.6
-0.001518	-0.6
-0.001516	-0.68
-0.001514	-0.68
-0.001512	-0.68
-0.00151	-0.6
-0.001508	-0.68
-0.001506	-0.6
-0.001504	-0.6
-0.001502	-0.6
-0.0015	-0.52
-0.001498	-0.52
-0.001496	-0.52
-0.001494	-0.44
-0.001492	-0.36
-0.00149	-0.28
-0.001488	-0.36
-0.001486	-0.28
-0.001484	-0.28
-0.001482	-0.28
-0.00148	-0.2
-0.001478	-0.2
-0.001476	-0.2
-0.001474	-0.2
-0.001472	-0.2
-0.00147	-0.2
-0.001468	-0.12
-0.001466	-0.2
-0.001464	-0.2
-0.001462	-0.2
-0.00146	-0.2
-0.001458	-0.28
-0.001456	-0.28
-0.001454	-0.28
-0.001452	-0.36
-0.00145	-0.36
-0.001448	-0.44
-0.001446	-0.44
-0.001444	-0.52
-0.001442	-0.52
-0.00144	-0.52
-0.001438	-0.52
-0.001436	-0.52
-0.001434	-0.6
-0.001432	-0.52
-0.00143	-0.6
-0.001428	-0.6
-0.001426	-0.6
-0.001424	-0.6
-0.001422	-0.52
-0.00142	-0.52
-0.001418	-0.52
-0.001416	-0.52
-0.001414	-0.52
-0.001412	-0.52
-0.00141	-0.44
-0.001408	-0.44
-0.001406	-0.44
-0.001404	-0.44
-0.001402	-0.36
-0.0014	-0.28
-0.001398	-0.36
-0.001396	-0.28
-0.001394	-0.28
-0.001392	-0.2
-0.00139	-0.28
-0.001388	-0.28
-0.001386	-0.2
-0.001384	-0.2
-0.001382	-0.2
-0.00138	-0.28
-0.001378	-0.28
-0.001376	-0.28
-0.001374	-0.28
-0.001372	-0.28
-0.00137	-0.28
-0.001368	-0.36
-0.001366	-0.36
-0.001364	-0.36
-0.001362	-0.44
-0.00136	-0.44
-0.001358	-0.44
-0.001356	-0.44
-0.001354	-0.44
-0.001352	-0.44
-0.00135	-0.52
-0.001348	-0.52
-0.001346	-0.52
-0.001344	-0.52
-0.001342	-0.52
-0.00134	-0.52
-0.001338	-0.52
-0.001336	-0.52
-0.001334	-0.52
-0.001332	-0.52
-0.00133	-0.52
-0.001328	-0.44
-0.001326	-0.44
-0.001324	-0.44
-0.001322	-0.44
-0.00132	-0.44
-0.001318	-0.44
-0.001316	-0.36
-0.001314	-0.36
-0.001312	-0.36
-0.00131	-0.36
-0.001308	-0.28
-0.001306	-0.28
-0.001304	-0.28
-0.001302	-0.36
-0.0013	-0.28
-0.001298	-0.28
-0.001296	-0.28
-0.001294	-0.28
-0.001292	-0.28
-0.00129	-0.28
-0.001288	-0.28
-0.001286	-0.36
-0.001284	-0.36
-0.001282	-0.28
-0.00128	-0.36
-0.001278	-0.36
-0.001276	-0.44
-0.001274	-0.36
-0.001272	-0.44
-0.00127	-0.44
-0.001268	-0.44
-0.001266	-0.44
-0.001264	-0.44
-0.001262	-0.44
-0.00126	-0.52
-0.001258	-0.52
-0.001256	-0.52
-0.001254	-0.52
-0.001252	-0.44
-0.00125	-0.52
-0.001248	-0.52
-0.001246	-0.44
-0.001244	-0.44
-0.001242	-0.44
-0.00124	-0.44
-0.001238	-0.44
-0.001236	-0.44
-0.001234	-0.44
-0.001232	-0.44
-0.00123	-0.44
-0.001228	-0.36
-0.001226	-0.36
-0.001224	-0.36
-0.001222	-0.36
-0.00122	-0.36
-0.001218	-0.36
-0.001216	-0.36
-0.001214	-0.28
-0.001212	-0.36
-0.00121	-0.36
-0.001208	-0.28
-0.001206	-0.28
-0.001204	-0.36
-0.001202	-0.36
-0.0012	-0.36
-0.001198	-0.36
-0.001196	-0.36
-0.001194	-0.36
-0.001192	-0.36
-0.00119	-0.36
-0.001188	-0.44
-0.001186	-0.44
-0.001184	-0.44
-0.001182	-0.44
-0.00118	-0.44
-0.001178	-0.44
-0.001176	-0.44
-0.001174	-0.44
-0.001172	-0.44
-0.00117	-0.44
-0.001168	-0.44
-0.001166	-0.44
-0.001164	-0.44
-0.001162	-0.52
-0.00116	-0.44
-0.001158	-0.44
-0.001156	-0.44
-0.001154	-0.44
-0.001152	-0.44
-0.00115	-0.44
-0.001148	-0.44
-0.001146	-0.36
-0.001144	-0.36
-0.001142	-0.36
-0.00114	-0.36
-0.001138	-0.36
-0.001136	-0.36
-0.001134	-0.36
-0.001132	-0.36
-0.00113	-0.36
-0.001128	-0.36
-0.001126	-0.28
-0.001124	-0.36
-0.001122	-0.36
-0.00112	-0.28
-0.001118	-0.36
-0.001116	-0.36
-0.001114	-0.36
-0.001112	-0.36
-0.00111	-0.36
-0.001108	-0.36
-0.001106	-0.36
-0.001104	-0.44
-0.001102	-0.44
-0.0011	-0.44
-0.001098	-0.44
-0.001096	-0.36
-0.001094	-0.44
-0.001092	-0.44
-0.00109	-0.44
-0.001088	-0.44
-0.001086	-0.44
-0.001084	-0.52
-0.001082	-0.44
-0.00108	-0.44
-0.001078	-0.44
-0.001076	-0.44
-0.001074	-0.44
-0.001072	-0.44
-0.00107	-0.44
-0.001068	-0.44
-0.001066	-0.44
-0.001064	-0.44
-0.001062	-0.36
-0.00106	-0.44
-0.001058	-0.36
-0.001056	-0.36
-0.001054	-0.36
-0.001052	-0.36
-0.00105	-0.36
-0.001048	-0.36
-0.001046	-0.28
-0.001044	-0.36
-0.001042	-0.36
-0.00104	-0.36
-0.001038	-0.36
-0.001036	-0.36
-0.001034	-0.36
-0.001032	-0.36
-0.00103	-0.36
-0.001028	-0.36
-0.001026	-0.36
-0.001024	-0.36
-0.001022	-0.36
-0.00102	-0.36
-0.001018	-0.44
-0.001016	-0.36
-0.001014	-0.44
-0.001012	-0.44
-0.00101	-0.44
-0.001008	-0.44
-0.001006	-0.44
-0.001004	-0.44
-0.001002	-0.44
-0.001	-0.44
-0.000998	-0.44
-0.000996	-0.44
-0.000994	-0.44
-0.000992	-0.44
-0.00099	-0.44
-0.000988	-0.44
-0.000986	-0.44
-0.000984	-0.44
-0.000982	-0.44
-0.00098	-0.44
-0.000978	-0.44
-0.000976	-0.36
-0.000974	-0.36
-0.000972	-0.44
-0.00097	-0.44
-0.000968	-0.36
-0.000966	-0.36
-0.000964	-0.36
-0.000962	-0.36
-0.00096	-0.36
-0.000958	-0.36
-0.000956	-0.36
-0.000954	-0.36
-0.000952	-0.36
-0.00095	-0.36
-0.000948	-0.36
-0.000946	-0.36
-0.000944	-0.36
-0.000942	-0.36
-0.00094	-0.44
-0.000938	-0.36
-0.000936	-0.36
-0.000934	-0.36
-0.000932	-0.44
-0.00093	-0.36
-0.000928	-0.36
-0.000926	-0.44
-0.000924	-0.44
-0.000922	-0.44
-0.00092	-0.36
-0.000918	-0.36
-0.000916	-0.44
-0.000914	-0.44
-0.000912	-0.44
-0.00091	-0.44
-0.000908	-0.44
-0.000906	-0.44
-0.000904	-0.44
-0.000902	-0.44
-0.0009	-0.44
-0.000898	-0.44
-0.000896	-0.36
-0.000894	-0.36
-0.000892	-0.44
-0.00089	-0.44
-0.000888	-0.44
-0.000886	-0.36
-0.000884	-0.44
-0.000882	-0.44
-0.00088	-0.44
-0.000878	-0.44
-0.000876	-0.44
-0.000874	-0.36
-0.000872	-0.36
-0.00087	-0.36
-0.000868	-0.36
-0.000866	-0.36
-0.000864	-0.36
-0.000862	-0.36
-0.00086	-0.44
-0.000858	-0.36
-0.000856	-0.36
-0.000854	-0.36
-0.000852	-0.36
-0.00085	-0.36
-0.000848	-0.44
-0.000846	-0.36
-0.000844	-0.44
-0.000842	-0.44
-0.00084	-0.44
-0.000838	-0.36
-0.000836	-0.44
-0.000834	-0.44
-0.000832	-0.44
-0.00083	-0.44
-0.000828	-0.44
-0.000826	-0.36
-0.000824	-0.44
-0.000822	-0.44
-0.00082	-0.44
-0.000818	-0.44
-0.000816	-0.44
-0.000814	-0.44
-0.000812	-0.44
-0.00081	-0.44
-0.000808	-0.44
-0.000806	-0.44
-0.000804	-0.44
-0.000802	-0.44
-0.0008	-0.44
-0.000798	-0.44
-0.000796	-0.44
-0.000794	-0.44
-0.000792	-0.44
-0.00079	-0.36
-0.000788	-0.44
-0.000786	-0.36
-0.000784	-0.44
-0.000782	-0.36
-0.00078	-0.36
-0.000778	-0.36
-0.000776	-0.44
-0.000774	-0.36
-0.000772	-0.44
-0.00077	-0.36
-0.000768	-0.44
-0.000766	-0.36
-0.000764	-0.36
-0.000762	-0.36
-0.00076	-0.44
-0.000758	-0.36
-0.000756	-0.44
-0.000754	-0.44
-0.000752	-0.44
-0.00075	-0.44
-0.000748	-0.36
-0.000746	-0.44
-0.000744	-0.44
-0.000742	-0.44
-0.00074	-0.44
-0.000738	-0.44
-0.000736	-0.44
-0.000734	-0.44
-0.000732	-0.44
-0.00073	-0.44
-0.000728	-0.44
-0.000726	-0.44
-0.000724	-0.44
-0.000722	-0.44
-0.00072	-0.36
-0.000718	-0.44
-0.000716	-0.44
-0.000714	-0.44
-0.000712	-0.44
-0.00071	-0.44
-0.000708	-0.36
-0.000706	-0.44
-0.000704	-0.36
-0.000702	-0.36
-0.0007	-0.36
-0.000698	-0.36
-0.000696	-0.44
-0.000694	-0.36
-0.000692	-0.44
-0.00069	-0.44
-0.000688	-0.36
-0.000686	-0.36
-0.000684	-0.36
-0.000682	-0.36
-0.00068	-0.44
-0.000678	-0.36
-0.000676	-0.36
-0.000674	-0.44
-0.000672	-0.44
-0.00067	-0.44
-0.000668	-0.44
-0.000666	-0.36
-0.000664	-0.44
-0.000662	-0.44
-0.00066	-0.44
-0.000658	-0.44
-0.000656	-0.44
-0.000654	-0.44
-0.000652	-0.44
-0.00065	-0.44
-0.000648	-0.44
-0.000646	-0.36
-0.000644	-0.44
-0.000642	-0.44
-0.00064	-0.44
-0.000638	-0.44
-0.000636	-0.44
-0.000634	-0.44
-0.000632	-0.44
-0.00063	-0.44
-0.000628	-0.36
-0.000626	-0.36
-0.000624	-0.44
-0.000622	-0.36
-0.00062	-0.36
-0.000618	-0.44
-0.000616	-0.44
-0.000614	-0.36
-0.000612	-0.36
-0.00061	-0.36
-0.000608	-0.36
-0.000606	-0.44
-0.000604	-0.36
-0.000602	-0.44
-0.0006	-0.36
-0.000598	-0.44
-0.000596	-0.44
-0.000594	-0.36
-0.000592	-0.44
-0.00059	-0.44
-0.000588	-0.36
-0.000586	-0.44
-0.000584	-0.44
-0.000582	-0.44
-0.00058	-0.36
-0.000578	-0.44
-0.000576	-0.44
-0.000574	-0.44
-0.000572	-0.44
-0.00057	-0.36
-0.000568	-0.44
-0.000566	-0.44
-0.000564	-0.44
-0.000562	-0.44
-0.00056	-0.44
-0.000558	-0.44
-0.000556	-0.44
-0.000554	-0.44
-0.000552	-0.44
-0.00055	-0.44
-0.000548	-0.36
-0.000546	-0.44
-0.000544	-0.36
-0.000542	-0.44
-0.00054	-0.44
-0.000538	-0.44
-0.000536	-0.44
-0.000534	-0.36
-0.000532	-0.36
-0.00053	-0.36
-0.000528	-0.36
-0.000526	-0.44
-0.000524	-0.44
-0.000522	-0.44
-0.00052	-0.36
-0.000518	-0.36
-0.000516	-0.44
-0.000514	-0.36
-0.000512	-0.44
-0.00051	-0.44
-0.000508	-0.44
-0.000506	-0.36
-0.000504	-0.44
-0.000502	-0.44
-0.0005	-0.36
-0.000498	-0.36
-0.000496	-0.44
-0.000494	-0.36
-0.000492	-0.44
-0.00049	-0.44
-0.000488	-0.44
-0.000486	-0.44
-0.000484	-0.44
-0.000482	-0.36
-0.00048	-0.44
-0.000478	-0.36
-0.000476	-0.44
-0.000474	-0.44
-0.000472	-0.44
-0.00047	-0.36
-0.000468	-0.44
-0.000466	-0.44
-0.000464	-0.44
-0.000462	-0.44
-0.00046	-0.44
-0.000458	-0.44
-0.000456	-0.44
-0.000454	-0.44
-0.000452	-0.44
-0.00045	-0.44
-0.000448	-0.36
-0.000446	-0.44
-0.000444	-0.44
-0.000442	-0.44
-0.00044	-0.44
-0.000438	-0.44
-0.000436	-0.44
-0.000434	-0.36
-0.000432	-0.36
-0.00043	-0.44
-0.000428	-0.36
-0.000426	-0.36
-0.000424	-0.36
-0.000422	-0.36
-0.00042	-0.44
-0.000418	-0.44
-0.000416	-0.44
-0.000414	-0.36
-0.000412	-0.44
-0.00041	-0.44
-0.000408	-0.44
-0.000406	-0.44
-0.000404	-0.44
-0.000402	-0.44
-0.0004	-0.44
-0.000398	-0.44
-0.000396	-0.44
-0.000394	-0.36
-0.000392	-0.36
-0.00039	-0.36
-0.000388	-0.44
-0.000386	-0.44
-0.000384	-0.36
-0.000382	-0.36
-0.00038	-0.36
-0.000378	-0.36
-0.000376	-0.44
-0.000374	-0.44
-0.000372	-0.44
-0.00037	-0.44
-0.000368	-0.44
-0.000366	-0.44
-0.000364	-0.36
-0.000362	-0.44
-0.00036	-0.36
-0.000358	-0.44
-0.000356	-0.44
-0.000354	-0.44
-0.000352	-0.44
-0.00035	-0.36
-0.000348	-0.36
-0.000346	-0.44
-0.000344	-0.44
-0.000342	-0.36
-0.00034	-0.36
-0.000338	-0.44
-0.000336	-0.44
-0.000334	-0.36
-0.000332	-0.36
-0.00033	-0.44
-0.000328	-0.44
-0.000326	-0.44
-0.000324	-0.44
-0.000322	-0.44
-0.00032	-0.44
-0.000318	-0.44
-0.000316	-0.44
-0.000314	-0.36
-0.000312	-0.44
-0.00031	-0.44
-0.000308	-0.44
-0.000306	-0.36
-0.000304	-0.44
-0.000302	-0.36
-0.0003	-0.36
-0.000298	-0.44
-0.000296	-0.44
-0.000294	-0.44
-0.000292	-0.44
-0.00029	-0.44
-0.000288	-0.44
-0.000286	-0.36
-0.000284	-0.36
-0.000282	-0.44
-0.00028	-0.36
-0.000278	-0.36
-0.000276	-0.36
-0.000274	-0.44
-0.000272	-0.36
-0.00027	-0.36
-0.000268	-0.36
-0.000266	-0.36
-0.000264	-0.36
-0.000262	-0.44
-0.00026	-0.44
-0.000258	-0.44
-0.000256	-0.36
-0.000254	-0.36
-0.000252	-0.44
-0.00025	-0.44
-0.000248	-0.44
-0.000246	-0.44
-0.000244	-0.44
-0.000242	-0.44
-0.00024	-0.36
-0.000238	-0.44
-0.000236	-0.44
-0.000234	-0.36
-0.000232	-0.44
-0.00023	-0.44
-0.000228	-0.44
-0.000226	-0.44
-0.000224	-0.36
-0.000222	-0.36
-0.00022	-0.44
-0.000218	-0.36
-0.000216	-0.44
-0.000214	-0.36
-0.000212	-0.36
-0.00021	-0.36
-0.000208	-0.36
-0.000206	-0.44
-0.000204	-0.44
-0.000202	-0.36
-0.0002	-0.36
-0.000198	-0.44
-0.000196	-0.44
-0.000194	-0.44
-0.000192	-0.44
-0.00019	-0.44
-0.000188	-0.44
-0.000186	-0.44
-0.000184	-0.44
-0.000182	-0.44
-0.00018	-0.44
-0.000178	-0.36
-0.000176	-0.44
-0.000174	-0.44
-0.000172	-0.36
-0.00017	-0.44
-0.000168	-0.44
-0.000166	-0.36
-0.000164	-0.36
-0.000162	-0.36
-0.00016	-0.44
-0.000158	-0.36
-0.000156	-0.36
-0.000154	-0.44
-0.000152	-0.44
-0.00015	-0.44
-0.000148	-0.44
-0.000146	-0.44
-0.000144	-0.36
-0.000142	-0.36
-0.00014	-0.44
-0.000138	-0.44
-0.000136	-0.44
-0.000134	-0.36
-0.000132	-0.44
-0.00013	-0.44
-0.000128	-0.44
-0.000126	-0.44
-0.000124	-0.36
-0.000122	-0.44
-0.00012	-0.36
-0.000118	-0.44
-0.000116	-0.36
-0.000114	-0.44
-0.000112	-0.36
-0.00011	-0.44
-0.000108	-0.44
-0.000106	-0.36
-0.000104	-0.44
-0.000102	-0.36
-0.0001	-0.36
-0.000098	-0.36
-0.000096	-0.44
-0.000094	-0.44
-0.000092	-0.44
-0.00009	-0.36
-0.000088	-0.44
-0.000086	-0.44
-0.000084	-0.44
-0.000082	-0.44
-0.00008	-0.44
-0.000078	-0.44
-0.000076	-0.44
-0.000074	-0.36
-0.000072	-0.44
-0.00007	-0.36
-0.000068	-0.44
-0.000066	-0.36
-0.000064	-0.36
-0.000062	-0.44
-0.00006	-0.44
-0.000058	-0.44
-0.000056	-0.36
-0.000054	-0.44
-0.000052	-0.36
-0.00005	-0.44
-0.000048	-0.36
-0.000046	-0.44
-0.000044	-0.44
-0.000042	-0.44
-0.00004	-0.36
-0.000038	-0.36
-0.000036	-0.44
-0.000034	-0.44
-0.000032	-0.36
-0.00003	-0.44
-0.000028	-0.36
-0.000026	-0.44
-0.000024	-0.44
-0.000022	-0.44
-0.00002	-0.44
-0.000018	-0.36
-0.000016	-0.36
-0.000014	-0.36
-0.000012	-0.44
-0.00001	-0.44
-0.000008	-0.44
-0.000006	-0.44
-0.000004	-0.36
-0.000002	-0.44
0	-0.28
